Module Address Level Table:
====================================================================================================
                UB        B
                                           Lev0     Lev1     Lev2     Lev3
  TBM    -2000     -160      300
                                      -160      -14       57      129     2000
----------------------------------------------------------------------------------------------------
                UB        B
                                           Lev0     Lev1     Lev2     Lev3     Lev4     Lev5
 ROC0    -2000     -164      300
                                      -164      -26       45      117      188      261     2000
 ROC1    -2000     -156      300
                                      -156      -11       61      136      208      280     2000
 ROC2    -2000     -152      300
                                      -152        9       91      172      254      337     2000
 ROC3    -2000     -159      300
                                      -159      -20       52      125      195      266     2000
 ROC4    -2000     -157      300
                                      -157      -19       52      124      194      265     2000
 ROC5    -2000     -152      300
                                      -152       -1       76      152      228      305     2000
 ROC6    -2000     -139      300
                                      -139       23      105      186      267      348     2000
 ROC7    -2000     -140      300
                                      -140       26      111      197      283      367     2000
 ROC8    -2000     -144      300
                                      -144       12       92      172      251      330     2000
 ROC9    -2000     -156      300
                                      -156       -1       77      156      235      313     2000
ROC10    -2000     -152      300
                                      -152        0       78      157      235      313     2000
ROC11    -2000     -153      300
                                      -153       -5       71      148      222      296     2000
ROC12    -2000     -158      300
                                      -158      -10       64      141      217      292     2000
ROC13    -2000     -156      300
                                      -156      -12       62      136      210      284     2000
ROC14    -2000     -141      300
                                      -141       25      108      192      275      357     2000
ROC15    -2000     -152      300
                                      -152        3       82      161      241      319     2000
====================================================================================================
